heart_rate,confidence,oxygen,status,temperature,RawIR,RawRed
0.0,0.0,0.0,0.0,30.1,0.0,0.0
0.0,0.0,0.0,0.0,30.1,0.0,0.0
0.0,0.0,0.0,0.0,30.1,0.0,0.0
0.0,0.0,0.0,0.0,30.1,0.0,0.0
0.0,0.0,0.0,0.0,30.1,0.0,0.0
0.0,0.0,0.0,0.0,30.1,0.0,0.0
0.0,0.0,0.0,0.0,30.1,0.0,0.0
0.0,0.0,0.0,0.0,30.1,0.0,0.0
0.0,0.0,0.0,0.0,30.1,0.0,0.0
0.0,0.0,0.0,0.0,30.1,0.0,0.0
0.0,0.0,0.0,0.0,30.1,0.0,0.0
0.0,0.0,0.0,0.0,30.1,0.0,0.0
0.0,0.0,0.0,0.0,30.1,0.0,0.0
0.0,0.0,0.0,0.0,30.1,0.0,0.0
0.0,0.0,0.0,0.0,30.1,0.0,0.0
0.0,0.0,0.0,0.0,30.1,0.0,0.0
0.0,0.0,0.0,0.0,30.1,0.0,0.0
0.0,0.0,0.0,0.0,30.1,0.0,0.0
0.0,0.0,0.0,0.0,30.1,0.0,0.0
0.0,0.0,0.0,0.0,30.1,0.0,0.0
0.0,0.0,0.0,1.0,30.1,0.0,1.0
0.0,0.0,0.0,1.0,30.1,0.0,1.0
0.0,0.0,0.0,1.0,30.1,0.0,1.0
0.0,0.0,0.0,1.0,30.1,0.0,1.0
0.0,0.0,0.0,1.0,30.1,0.0,1.0
0.0,0.0,0.0,1.0,30.1,0.0,1.0
0.0,0.0,0.0,1.0,30.1,0.0,1.0
0.0,0.0,0.0,1.0,30.1,0.0,1.0
0.0,0.0,0.0,1.0,30.1,0.0,1.0
0.0,0.0,0.0,1.0,30.1,0.0,1.0
0.0,0.0,0.0,1.0,30.1,0.0,1.0
0.0,0.0,0.0,1.0,30.1,0.0,1.0
0.0,0.0,0.0,1.0,30.1,0.0,1.0
0.0,0.0,0.0,1.0,30.1,0.0,1.0
0.0,0.0,0.0,1.0,30.1,0.0,1.0
0.0,0.0,0.0,1.0,30.1,0.0,1.0
0.0,0.0,0.0,1.0,30.1,0.0,1.0
0.0,0.0,0.0,1.0,30.1,0.0,1.0
0.0,0.0,0.0,1.0,30.1,0.0,1.0
0.0,0.0,0.0,1.0,30.1,0.0,1.0
0.0,0.0,0.0,1.0,30.1,0.0,1.0
0.0,0.0,0.0,1.0,30.1,0.0,1.0
0.0,0.0,0.0,1.0,30.1,0.0,1.0
0.0,0.0,0.0,1.0,30.1,0.0,1.0
0.0,0.0,0.0,1.0,31.1,0.0,1.0
0.0,0.0,0.0,1.0,31.1,0.0,1.0
0.0,0.0,0.0,1.0,30.1,0.0,1.0
0.0,0.0,0.0,1.0,31.1,0.0,1.0
0.0,0.0,0.0,1.0,31.1,0.0,1.0
0.0,0.0,0.0,1.0,30.1,0.0,1.0
0.0,0.0,0.0,1.0,30.1,0.0,1.0
0.0,0.0,0.0,1.0,31.1,0.0,1.0
0.0,0.0,0.0,1.0,31.1,0.0,1.0
0.0,0.0,0.0,1.0,31.1,0.0,1.0
0.0,0.0,0.0,1.0,31.1,0.0,1.0
0.0,0.0,0.0,1.0,31.1,0.0,1.0
0.0,0.0,0.0,1.0,31.1,0.0,1.0
0.0,0.0,0.0,2.0,31.1,0.0,2.0
0.0,0.0,0.0,2.0,31.1,0.0,2.0
0.0,0.0,0.0,2.0,31.1,0.0,2.0
0.0,0.0,0.0,2.0,31.1,0.0,2.0
0.0,0.0,0.0,2.0,31.1,0.0,2.0
0.0,0.0,0.0,2.0,31.1,0.0,2.0
0.0,0.0,0.0,2.0,31.1,0.0,2.0
0.0,0.0,0.0,2.0,31.1,0.0,2.0
0.0,0.0,0.0,2.0,31.1,0.0,2.0
0.0,0.0,0.0,2.0,31.1,0.0,2.0
0.0,0.0,0.0,2.0,31.1,0.0,2.0
0.0,0.0,0.0,2.0,31.1,0.0,2.0
0.0,0.0,0.0,2.0,31.1,0.0,2.0
0.0,0.0,0.0,2.0,31.1,0.0,2.0
0.0,0.0,0.0,2.0,31.1,0.0,2.0
0.0,0.0,0.0,2.0,31.1,0.0,2.0
0.0,0.0,0.0,2.0,31.1,0.0,2.0
0.0,0.0,0.0,2.0,31.1,0.0,2.0
0.0,0.0,0.0,2.0,31.1,0.0,2.0
0.0,0.0,0.0,2.0,31.1,0.0,2.0
0.0,0.0,0.0,2.0,31.1,0.0,2.0
0.0,0.0,0.0,2.0,31.1,0.0,2.0
0.0,0.0,0.0,2.0,31.1,0.0,2.0
0.0,0.0,0.0,2.0,31.1,0.0,2.0
0.0,0.0,0.0,2.0,31.1,0.0,2.0
0.0,0.0,0.0,2.0,31.1,0.0,2.0
0.0,0.0,0.0,2.0,31.1,0.0,2.0
0.0,0.0,0.0,2.0,31.1,0.0,2.0
0.0,0.0,0.0,2.0,31.1,0.0,2.0
0.0,0.0,0.0,2.0,31.1,0.0,2.0
0.0,0.0,0.0,2.0,31.1,0.0,2.0
0.0,0.0,0.0,2.0,31.1,0.0,2.0
0.0,0.0,0.0,2.0,31.1,0.0,2.0
0.0,0.0,0.0,1.0,31.1,0.0,1.0
0.0,0.0,0.0,1.0,31.1,0.0,1.0
0.0,0.0,0.0,1.0,31.1,0.0,1.0
0.0,0.0,0.0,1.0,31.1,0.0,1.0
0.0,0.0,0.0,1.0,31.1,0.0,1.0
0.0,0.0,0.0,1.0,31.1,0.0,1.0
0.0,0.0,0.0,1.0,31.1,0.0,1.0
0.0,0.0,0.0,1.0,31.1,0.0,1.0
0.0,0.0,0.0,1.0,31.1,0.0,1.0
0.0,0.0,0.0,1.0,31.1,0.0,1.0
0.0,0.0,0.0,1.0,31.1,0.0,1.0
0.0,0.0,0.0,1.0,31.1,0.0,1.0
0.0,0.0,0.0,1.0,31.1,0.0,1.0
0.0,0.0,0.0,1.0,31.1,0.0,1.0
0.0,0.0,0.0,1.0,31.1,0.0,1.0
0.0,0.0,0.0,1.0,31.1,0.0,1.0
0.0,0.0,0.0,1.0,31.1,0.0,1.0
0.0,0.0,0.0,1.0,31.1,0.0,1.0
0.0,0.0,0.0,1.0,32.1,0.0,1.0
0.0,0.0,0.0,1.0,31.1,0.0,1.0
0.0,0.0,0.0,1.0,31.1,0.0,1.0
0.0,0.0,0.0,1.0,31.1,0.0,1.0
0.0,0.0,0.0,1.0,31.1,0.0,1.0
0.0,0.0,0.0,1.0,32.1,0.0,1.0
0.0,0.0,0.0,1.0,32.1,0.0,1.0
0.0,0.0,0.0,1.0,32.1,0.0,1.0
0.0,0.0,0.0,1.0,32.1,0.0,1.0
0.0,0.0,0.0,1.0,32.1,0.0,1.0
0.0,0.0,0.0,1.0,32.1,0.0,1.0
0.0,0.0,0.0,1.0,32.1,0.0,1.0
0.0,0.0,0.0,1.0,32.1,0.0,1.0
0.0,0.0,0.0,1.0,32.1,0.0,1.0
0.0,0.0,0.0,1.0,32.1,0.0,1.0
0.0,0.0,0.0,1.0,32.1,0.0,1.0
85.0,96.0,0.0,3.0,32.1,218464.0,3.0
85.0,96.0,0.0,3.0,32.1,218464.0,3.0
85.0,96.0,0.0,3.0,32.1,218464.0,3.0
84.0,96.0,71.0,3.0,32.1,215904.0,183555.0
84.0,96.0,71.0,3.0,32.1,215904.0,183555.0
84.0,96.0,71.0,3.0,32.1,215904.0,183555.0
84.0,96.0,71.0,3.0,32.1,215904.0,183555.0
83.0,96.0,71.0,3.0,32.1,212832.0,183555.0
83.0,96.0,71.0,3.0,32.1,212832.0,183555.0
83.0,96.0,71.0,3.0,32.1,212832.0,183555.0
0.0,0.0,71.0,3.0,32.1,0.0,183555.0
0.0,0.0,71.0,3.0,32.1,0.0,183555.0
0.0,0.0,71.0,3.0,32.1,0.0,183555.0
0.0,0.0,71.0,3.0,32.1,0.0,183555.0
0.0,0.0,71.0,3.0,32.1,0.0,183555.0
0.0,0.0,71.0,3.0,32.1,0.0,183555.0
0.0,0.0,71.0,3.0,32.1,0.0,183555.0
0.0,0.0,71.0,3.0,32.1,0.0,183555.0
0.0,0.0,71.0,3.0,32.1,0.0,183555.0
0.0,0.0,71.0,3.0,32.1,0.0,183555.0
0.0,0.0,71.0,3.0,32.1,0.0,183555.0
0.0,0.0,0.0,3.0,32.1,0.0,183555.0
0.0,0.0,0.0,3.0,32.1,0.0,3.0
0.0,0.0,0.0,3.0,32.1,0.0,3.0
0.0,0.0,0.0,3.0,32.1,0.0,3.0
0.0,0.0,0.0,3.0,32.1,0.0,3.0
0.0,0.0,0.0,3.0,32.1,0.0,3.0
0.0,0.0,0.0,3.0,32.1,0.0,3.0
0.0,0.0,0.0,3.0,32.1,0.0,3.0
0.0,0.0,0.0,3.0,32.1,0.0,3.0
0.0,0.0,0.0,3.0,32.1,0.0,3.0
0.0,0.0,0.0,3.0,32.1,0.0,3.0
0.0,0.0,0.0,3.0,32.1,0.0,3.0
0.0,0.0,0.0,3.0,32.1,0.0,3.0
0.0,0.0,0.0,3.0,32.1,0.0,3.0
0.0,0.0,0.0,3.0,32.1,0.0,3.0
0.0,0.0,0.0,3.0,32.1,0.0,3.0
0.0,0.0,0.0,3.0,32.1,0.0,3.0
0.0,0.0,0.0,3.0,32.1,0.0,3.0
0.0,0.0,0.0,3.0,32.1,0.0,3.0
0.0,0.0,0.0,3.0,32.1,0.0,3.0
0.0,0.0,0.0,3.0,32.1,0.0,3.0
0.0,0.0,0.0,3.0,32.1,0.0,3.0
0.0,0.0,0.0,3.0,32.1,0.0,3.0
0.0,0.0,0.0,3.0,32.1,0.0,3.0
0.0,0.0,0.0,3.0,32.1,0.0,3.0
0.0,0.0,0.0,2.0,32.1,0.0,2.0
0.0,0.0,0.0,2.0,32.1,0.0,2.0
0.0,0.0,0.0,2.0,32.1,0.0,2.0
0.0,0.0,0.0,2.0,32.1,0.0,2.0
0.0,0.0,0.0,2.0,32.1,0.0,2.0
0.0,0.0,0.0,2.0,32.1,0.0,2.0
0.0,0.0,0.0,2.0,32.1,0.0,2.0
0.0,0.0,0.0,0.0,32.1,0.0,0.0
0.0,0.0,0.0,0.0,32.1,0.0,0.0
0.0,0.0,0.0,0.0,32.1,0.0,0.0
0.0,0.0,0.0,1.0,32.1,0.0,1.0
0.0,0.0,0.0,1.0,32.1,0.0,1.0
0.0,0.0,0.0,1.0,32.1,0.0,1.0
0.0,0.0,0.0,1.0,32.1,0.0,1.0
0.0,0.0,0.0,1.0,32.1,0.0,1.0
0.0,0.0,0.0,1.0,32.1,0.0,1.0
0.0,0.0,0.0,1.0,32.1,0.0,1.0
0.0,0.0,0.0,1.0,32.1,0.0,1.0
0.0,0.0,0.0,1.0,32.1,0.0,1.0
0.0,0.0,0.0,1.0,32.1,0.0,1.0
0.0,0.0,0.0,1.0,32.1,0.0,1.0
0.0,0.0,0.0,1.0,32.1,0.0,1.0
0.0,0.0,0.0,1.0,32.1,0.0,1.0
0.0,0.0,0.0,1.0,32.1,0.0,1.0
0.0,0.0,0.0,1.0,32.1,0.0,1.0
0.0,0.0,0.0,1.0,32.1,0.0,1.0
0.0,0.0,0.0,1.0,32.1,0.0,1.0
99.0,58.0,0.0,0.0,32.1,254266.0,0.0
99.0,58.0,0.0,0.0,32.1,254266.0,0.0
99.0,58.0,0.0,0.0,32.1,254266.0,0.0
99.0,58.0,0.0,0.0,32.1,254266.0,0.0
99.0,58.0,0.0,0.0,32.1,254266.0,0.0
99.0,58.0,0.0,0.0,32.1,254266.0,0.0
99.0,58.0,0.0,0.0,32.1,254266.0,0.0
99.0,58.0,0.0,0.0,32.1,254266.0,0.0
99.0,58.0,0.0,0.0,32.1,254266.0,0.0
99.0,58.0,0.0,0.0,32.1,254266.0,0.0
99.0,58.0,0.0,0.0,32.1,254266.0,0.0
99.0,58.0,0.0,0.0,32.1,254266.0,0.0
99.0,58.0,0.0,0.0,32.1,254266.0,0.0
99.0,58.0,0.0,0.0,32.1,254266.0,0.0
99.0,58.0,0.0,0.0,32.1,254266.0,0.0
99.0,58.0,0.0,0.0,32.1,254266.0,0.0
99.0,58.0,0.0,0.0,32.1,254266.0,0.0
99.0,58.0,0.0,0.0,32.1,254266.0,0.0
99.0,58.0,0.0,0.0,32.1,254266.0,0.0
99.0,58.0,0.0,0.0,32.1,254266.0,0.0
99.0,58.0,0.0,0.0,32.1,254266.0,0.0
99.0,58.0,0.0,0.0,32.1,254266.0,0.0
99.0,58.0,0.0,0.0,32.1,254266.0,0.0
99.0,58.0,0.0,0.0,32.1,254266.0,0.0
99.0,58.0,0.0,0.0,32.1,254266.0,0.0
0.0,0.0,0.0,1.0,32.1,0.0,1.0
0.0,0.0,0.0,1.0,32.1,0.0,1.0
0.0,0.0,0.0,1.0,32.1,0.0,1.0
0.0,0.0,0.0,1.0,32.1,0.0,1.0
0.0,0.0,0.0,1.0,32.1,0.0,1.0
0.0,0.0,0.0,1.0,32.1,0.0,1.0
0.0,0.0,0.0,1.0,32.1,0.0,1.0
0.0,0.0,0.0,1.0,32.1,0.0,1.0
0.0,0.0,0.0,1.0,32.1,0.0,1.0
0.0,0.0,0.0,1.0,32.1,0.0,1.0
0.0,0.0,0.0,1.0,32.1,0.0,1.0
0.0,0.0,0.0,1.0,32.1,0.0,1.0
0.0,0.0,0.0,1.0,32.1,0.0,1.0
0.0,0.0,0.0,1.0,32.1,0.0,1.0
0.0,0.0,0.0,1.0,32.1,0.0,1.0
0.0,0.0,0.0,1.0,32.1,0.0,1.0
0.0,0.0,0.0,1.0,32.1,0.0,1.0
0.0,0.0,0.0,1.0,32.1,0.0,1.0
0.0,0.0,0.0,1.0,32.1,0.0,1.0
0.0,0.0,0.0,1.0,32.1,0.0,1.0
0.0,0.0,0.0,1.0,32.1,0.0,1.0
0.0,0.0,0.0,1.0,32.1,0.0,1.0
0.0,0.0,0.0,1.0,32.1,0.0,1.0
0.0,0.0,0.0,1.0,32.1,0.0,1.0
0.0,0.0,0.0,1.0,32.1,0.0,1.0
0.0,0.0,0.0,1.0,32.1,0.0,1.0
0.0,0.0,0.0,1.0,32.1,0.0,1.0
0.0,0.0,0.0,1.0,32.1,0.0,1.0
0.0,0.0,0.0,1.0,32.1,0.0,1.0
0.0,0.0,0.0,1.0,32.1,0.0,1.0
0.0,0.0,0.0,1.0,32.1,0.0,1.0
0.0,0.0,0.0,1.0,32.1,0.0,1.0
0.0,0.0,0.0,1.0,32.1,0.0,1.0
73.0,51.0,0.0,3.0,32.1,187955.0,3.0
73.0,51.0,0.0,3.0,32.1,187955.0,3.0
73.0,51.0,0.0,3.0,32.1,187955.0,3.0
73.0,52.0,0.0,3.0,32.1,188468.0,3.0
73.0,52.0,0.0,3.0,32.1,188468.0,3.0
73.0,52.0,0.0,3.0,32.1,188468.0,3.0
22.0,52.0,0.0,3.0,32.1,188468.0,3.0
70.0,95.0,0.0,3.0,32.1,181599.0,3.0
70.0,95.0,0.0,3.0,32.1,181599.0,3.0
70.0,95.0,0.0,3.0,32.1,181599.0,3.0
69.0,97.0,0.0,3.0,32.1,177249.0,3.0
69.0,97.0,0.0,3.0,32.1,177249.0,3.0
69.0,97.0,0.0,3.0,32.1,177249.0,3.0
69.0,97.0,0.0,3.0,32.1,177249.0,3.0
69.0,97.0,0.0,3.0,32.1,177249.0,3.0
69.0,97.0,0.0,3.0,32.1,177249.0,3.0
69.0,97.0,0.0,3.0,32.1,177249.0,3.0
69.0,97.0,0.0,3.0,32.1,177249.0,3.0
69.0,97.0,0.0,3.0,32.1,177249.0,3.0
69.0,97.0,0.0,3.0,32.1,177249.0,3.0
69.0,97.0,0.0,3.0,32.1,177761.0,3.0
69.0,97.0,0.0,3.0,32.1,177761.0,3.0
69.0,97.0,0.0,3.0,32.1,177761.0,3.0
69.0,96.0,0.0,3.0,32.1,177760.0,3.0
69.0,96.0,0.0,3.0,32.1,177760.0,3.0
18.0,96.0,0.0,3.0,32.1,177760.0,3.0
71.0,98.0,0.0,3.0,32.1,181858.0,3.0
71.0,98.0,0.0,3.0,32.1,181858.0,3.0
71.0,98.0,0.0,3.0,32.1,181858.0,3.0
71.0,98.0,0.0,3.0,32.1,181858.0,3.0
71.0,98.0,0.0,3.0,32.1,181858.0,3.0
71.0,98.0,0.0,3.0,32.1,181858.0,3.0
71.0,98.0,0.0,3.0,32.1,181858.0,3.0
0.0,0.0,0.0,3.0,32.1,0.0,3.0
0.0,0.0,0.0,3.0,32.1,0.0,3.0
0.0,0.0,0.0,3.0,32.1,0.0,3.0
0.0,0.0,0.0,3.0,32.1,0.0,3.0
0.0,0.0,0.0,3.0,32.1,0.0,3.0
0.0,0.0,0.0,3.0,32.1,0.0,3.0
0.0,0.0,0.0,3.0,32.1,0.0,3.0
0.0,0.0,0.0,3.0,32.1,0.0,3.0
0.0,0.0,0.0,3.0,32.1,0.0,3.0
0.0,0.0,0.0,3.0,32.1,0.0,3.0
0.0,0.0,0.0,0.0,32.1,0.0,0.0
0.0,0.0,0.0,0.0,32.1,0.0,0.0
0.0,0.0,0.0,0.0,32.1,0.0,0.0
0.0,0.0,0.0,0.0,32.1,0.0,0.0
0.0,0.0,0.0,0.0,32.1,0.0,0.0
0.0,0.0,0.0,0.0,32.1,0.0,0.0
0.0,0.0,0.0,0.0,32.1,0.0,0.0
0.0,0.0,0.0,0.0,32.1,0.0,0.0
0.0,0.0,0.0,0.0,32.1,0.0,0.0
0.0,0.0,0.0,0.0,32.1,0.0,0.0
0.0,0.0,0.0,0.0,32.1,0.0,0.0
0.0,0.0,0.0,0.0,32.1,0.0,0.0
0.0,0.0,0.0,0.0,32.1,0.0,0.0
0.0,0.0,0.0,0.0,32.1,0.0,0.0
0.0,0.0,0.0,0.0,32.1,0.0,0.0
0.0,0.0,0.0,1.0,32.1,0.0,1.0
0.0,0.0,0.0,1.0,32.1,0.0,1.0
0.0,0.0,0.0,1.0,32.1,0.0,1.0
0.0,0.0,0.0,1.0,32.1,0.0,1.0
0.0,0.0,0.0,1.0,32.1,0.0,1.0
0.0,0.0,0.0,1.0,32.1,0.0,1.0
0.0,0.0,0.0,1.0,32.1,0.0,1.0
0.0,0.0,0.0,1.0,32.1,0.0,1.0
0.0,0.0,0.0,1.0,32.1,0.0,1.0
0.0,0.0,0.0,1.0,32.1,0.0,1.0
0.0,0.0,0.0,1.0,32.1,0.0,1.0
0.0,0.0,0.0,1.0,32.1,0.0,1.0
0.0,0.0,0.0,1.0,32.1,0.0,1.0
0.0,0.0,0.0,1.0,32.1,0.0,1.0
0.0,0.0,0.0,1.0,32.1,0.0,1.0
0.0,0.0,0.0,1.0,32.1,0.0,1.0
0.0,0.0,0.0,1.0,32.1,0.0,1.0
0.0,0.0,0.0,1.0,32.1,0.0,1.0
0.0,0.0,0.0,1.0,32.1,0.0,1.0
0.0,0.0,0.0,1.0,32.1,0.0,1.0
0.0,0.0,0.0,0.0,32.1,0.0,0.0
0.0,0.0,0.0,0.0,32.1,0.0,0.0
0.0,0.0,0.0,0.0,32.1,0.0,0.0
0.0,0.0,0.0,0.0,32.1,0.0,0.0
0.0,0.0,0.0,0.0,32.1,0.0,0.0
0.0,0.0,0.0,0.0,32.1,0.0,0.0
0.0,0.0,0.0,0.0,32.1,0.0,0.0
0.0,0.0,0.0,0.0,32.1,0.0,0.0
0.0,0.0,0.0,0.0,32.1,0.0,0.0
0.0,0.0,0.0,0.0,32.1,0.0,0.0
0.0,0.0,0.0,0.0,32.1,0.0,0.0
0.0,0.0,0.0,0.0,32.1,0.0,0.0
0.0,0.0,0.0,1.0,32.1,0.0,1.0
0.0,0.0,0.0,1.0,32.1,0.0,1.0
0.0,0.0,0.0,1.0,32.1,0.0,1.0
0.0,0.0,0.0,1.0,32.1,0.0,1.0
0.0,0.0,0.0,1.0,32.1,0.0,1.0
0.0,0.0,0.0,1.0,32.1,0.0,1.0
0.0,0.0,0.0,1.0,32.1,0.0,1.0
0.0,0.0,0.0,1.0,32.1,0.0,1.0
0.0,0.0,0.0,1.0,32.1,0.0,1.0
0.0,0.0,0.0,1.0,32.1,0.0,1.0
0.0,0.0,0.0,1.0,32.1,0.0,1.0
0.0,0.0,0.0,1.0,32.1,0.0,1.0
0.0,0.0,0.0,1.0,32.1,0.0,1.0
0.0,0.0,0.0,1.0,32.1,0.0,1.0
0.0,0.0,0.0,1.0,32.1,0.0,1.0
0.0,0.0,0.0,1.0,32.1,0.0,1.0
0.0,0.0,0.0,3.0,32.1,0.0,3.0
0.0,0.0,0.0,3.0,32.1,0.0,3.0
0.0,0.0,0.0,3.0,32.1,0.0,3.0
0.0,0.0,0.0,3.0,32.1,0.0,3.0
0.0,0.0,0.0,3.0,32.1,0.0,3.0
0.0,0.0,0.0,3.0,32.1,0.0,3.0
0.0,0.0,0.0,3.0,32.1,0.0,3.0
84.0,50.0,0.0,3.0,32.1,216626.0,3.0
84.0,50.0,0.0,3.0,32.1,216626.0,3.0
84.0,50.0,0.0,3.0,32.1,216626.0,3.0
84.0,50.0,0.0,3.0,32.1,216626.0,3.0
84.0,50.0,0.0,3.0,32.1,216626.0,3.0
84.0,50.0,0.0,3.0,32.1,216626.0,3.0
101.0,90.0,0.0,3.0,32.1,258650.0,3.0
101.0,90.0,0.0,3.0,32.1,258650.0,3.0
101.0,90.0,0.0,3.0,32.1,258650.0,3.0
101.0,90.0,0.0,3.0,32.1,258650.0,3.0
101.0,90.0,0.0,3.0,32.1,258650.0,3.0
24.0,90.0,0.0,3.0,32.1,258650.0,3.0
101.0,90.0,0.0,3.0,32.1,258650.0,3.0
98.0,90.0,0.0,3.0,32.1,252250.0,3.0
98.0,90.0,0.0,3.0,32.1,252250.0,3.0
98.0,90.0,0.0,3.0,32.1,252250.0,3.0
98.0,90.0,0.0,3.0,32.1,252250.0,3.0
98.0,90.0,0.0,3.0,32.1,252250.0,3.0
98.0,90.0,0.0,3.0,32.1,252250.0,3.0
98.0,90.0,0.0,3.0,32.1,252250.0,3.0
99.0,94.0,0.0,3.0,32.1,254046.0,3.0
99.0,94.0,0.0,3.0,32.1,254046.0,3.0
99.0,94.0,0.0,3.0,32.1,254046.0,3.0
99.0,94.0,0.0,3.0,32.1,254046.0,3.0
99.0,94.0,0.0,3.0,32.1,254046.0,3.0
99.0,94.0,0.0,3.0,32.1,254046.0,3.0
99.0,94.0,0.0,3.0,32.1,254046.0,3.0
98.0,94.0,0.0,3.0,32.1,253278.0,3.0
22.0,94.0,0.0,3.0,32.1,253278.0,3.0
98.0,94.0,0.0,3.0,32.1,253278.0,3.0
98.0,94.0,0.0,3.0,32.1,253278.0,3.0
98.0,94.0,0.0,3.0,32.1,253278.0,3.0
98.0,94.0,0.0,3.0,32.1,253278.0,3.0
98.0,94.0,0.0,3.0,32.1,253278.0,3.0
98.0,94.0,0.0,3.0,33.1,253278.0,3.0
98.0,94.0,0.0,3.0,32.1,253278.0,3.0
98.0,94.0,0.0,3.0,32.1,253278.0,3.0
98.0,94.0,0.0,3.0,33.1,253278.0,3.0
98.0,94.0,0.0,3.0,33.1,253278.0,3.0
98.0,94.0,0.0,3.0,33.1,253278.0,3.0
98.0,94.0,0.0,3.0,33.1,253278.0,3.0
98.0,94.0,0.0,3.0,33.1,253278.0,3.0
98.0,94.0,0.0,3.0,33.1,253278.0,3.0
98.0,94.0,0.0,3.0,32.1,253278.0,3.0
98.0,94.0,0.0,3.0,33.1,253278.0,3.0
98.0,94.0,0.0,3.0,33.1,253278.0,3.0
88.0,97.0,0.0,3.0,33.1,227681.0,3.0
88.0,97.0,0.0,3.0,33.1,227681.0,3.0
12.0,97.0,0.0,3.0,33.1,227681.0,3.0
85.0,98.0,0.0,3.0,33.1,220002.0,3.0
85.0,98.0,0.0,3.0,33.1,220002.0,3.0
85.0,98.0,0.0,3.0,33.1,220002.0,3.0
85.0,98.0,0.0,3.0,33.1,220002.0,3.0
85.0,98.0,0.0,3.0,33.1,220002.0,3.0
85.0,98.0,0.0,3.0,33.1,220002.0,3.0
85.0,98.0,0.0,3.0,32.1,220002.0,3.0
85.0,98.0,0.0,3.0,33.1,220002.0,3.0
85.0,98.0,0.0,3.0,33.1,220002.0,3.0
85.0,98.0,0.0,3.0,33.1,220002.0,3.0
85.0,98.0,0.0,3.0,33.1,220002.0,3.0
87.0,98.0,0.0,3.0,33.1,222818.0,3.0
10.0,98.0,0.0,3.0,33.1,222818.0,3.0
87.0,98.0,0.0,3.0,33.1,222818.0,3.0
83.0,98.0,0.0,3.0,33.1,213602.0,3.0
83.0,98.0,0.0,3.0,33.1,213602.0,3.0
83.0,98.0,0.0,3.0,33.1,213602.0,3.0
6.0,98.0,0.0,3.0,33.1,213602.0,3.0
83.0,98.0,0.0,3.0,33.1,213602.0,3.0
83.0,98.0,0.0,3.0,33.1,213602.0,3.0
83.0,98.0,0.0,3.0,33.1,214114.0,3.0
83.0,98.0,0.0,3.0,33.1,214114.0,3.0
83.0,98.0,0.0,3.0,33.1,214114.0,3.0
83.0,98.0,0.0,3.0,33.1,214114.0,3.0
83.0,98.0,0.0,3.0,33.1,214114.0,3.0
83.0,98.0,0.0,3.0,33.1,214114.0,3.0
83.0,98.0,0.0,3.0,33.1,214114.0,3.0
79.0,98.0,0.0,3.0,33.1,204130.0,3.0
79.0,98.0,0.0,3.0,33.1,204130.0,3.0
79.0,98.0,0.0,3.0,33.1,204130.0,3.0
79.0,98.0,0.0,3.0,33.1,204130.0,3.0
8.0,99.0,0.0,3.0,33.1,217187.0,3.0
84.0,99.0,0.0,3.0,33.1,217187.0,3.0
84.0,99.0,0.0,3.0,33.1,217187.0,3.0
89.0,99.0,0.0,3.0,33.1,229731.0,3.0
89.0,99.0,0.0,3.0,33.1,229731.0,3.0
89.0,99.0,0.0,3.0,33.1,229731.0,3.0
90.0,99.0,0.0,3.0,33.1,230499.0,3.0
90.0,99.0,0.0,3.0,33.1,230499.0,3.0
90.0,99.0,0.0,3.0,33.1,230499.0,3.0
90.0,99.0,0.0,3.0,33.1,230499.0,3.0
88.0,99.0,0.0,3.0,33.1,226147.0,3.0
88.0,99.0,0.0,3.0,33.1,226147.0,3.0
88.0,99.0,0.0,3.0,33.1,226147.0,3.0
88.0,99.0,84.0,3.0,33.1,226147.0,216323.0
88.0,99.0,84.0,3.0,33.1,226147.0,216323.0
88.0,99.0,84.0,3.0,33.1,226147.0,216323.0
87.0,99.0,84.0,3.0,33.1,224611.0,215811.0
87.0,99.0,84.0,3.0,33.1,224611.0,215811.0
10.0,99.0,84.0,3.0,33.1,224611.0,215811.0
87.0,100.0,84.0,3.0,33.1,223844.0,215811.0
87.0,100.0,84.0,3.0,33.1,223844.0,215811.0
87.0,100.0,84.0,3.0,33.1,223844.0,215811.0
10.0,100.0,84.0,3.0,33.1,223844.0,215811.0
88.0,99.0,84.0,3.0,33.1,225379.0,215811.0
88.0,99.0,84.0,3.0,33.1,225379.0,215811.0
88.0,99.0,84.0,3.0,33.1,225379.0,215811.0
88.0,99.0,84.0,3.0,33.1,226147.0,215811.0
88.0,99.0,84.0,3.0,33.1,226147.0,215811.0
88.0,99.0,84.0,3.0,33.1,226147.0,215811.0
88.0,99.0,84.0,3.0,33.1,226147.0,215811.0
88.0,99.0,84.0,3.0,33.1,226147.0,215811.0
88.0,99.0,84.0,3.0,33.1,226147.0,215811.0
88.0,99.0,84.0,3.0,33.1,226147.0,215811.0
88.0,98.0,82.0,3.0,33.1,226146.0,210947.0
88.0,98.0,82.0,3.0,33.1,226146.0,210947.0
88.0,98.0,82.0,3.0,33.1,226146.0,210947.0
89.0,98.0,82.0,3.0,33.1,229730.0,210947.0
12.0,98.0,82.0,3.0,33.1,229730.0,210947.0
89.0,98.0,82.0,3.0,33.1,229730.0,210947.0
89.0,98.0,82.0,3.0,33.1,229730.0,210947.0
89.0,98.0,82.0,3.0,33.1,229730.0,210947.0
89.0,98.0,82.0,3.0,33.1,229730.0,210947.0
89.0,98.0,82.0,3.0,33.1,229730.0,210947.0
89.0,98.0,82.0,3.0,33.1,229730.0,210947.0
89.0,98.0,82.0,3.0,33.1,229730.0,210947.0
89.0,98.0,82.0,3.0,33.1,229730.0,210947.0
89.0,97.0,82.0,3.0,33.1,229729.0,210947.0
89.0,97.0,82.0,3.0,33.1,229729.0,210947.0
89.0,97.0,82.0,3.0,33.1,229729.0,210947.0
89.0,97.0,82.0,3.0,33.1,229729.0,210947.0
89.0,97.0,82.0,3.0,33.1,229729.0,211203.0
89.0,97.0,82.0,3.0,33.1,229729.0,211203.0
89.0,97.0,82.0,3.0,33.1,229729.0,211203.0
89.0,97.0,82.0,3.0,33.1,229729.0,211715.0
89.0,97.0,82.0,3.0,33.1,229729.0,211715.0
12.0,97.0,82.0,3.0,33.1,229729.0,211715.0
89.0,96.0,82.0,3.0,33.1,229728.0,211715.0
89.0,96.0,82.0,3.0,33.1,229728.0,211715.0
89.0,96.0,82.0,3.0,33.1,229728.0,211715.0
89.0,96.0,82.0,3.0,33.1,229728.0,211715.0
89.0,96.0,82.0,3.0,33.1,229728.0,211715.0
89.0,96.0,82.0,3.0,33.1,229728.0,211715.0
89.0,96.0,82.0,3.0,33.1,229728.0,211715.0
89.0,95.0,82.0,3.0,33.1,229727.0,211715.0
89.0,95.0,82.0,3.0,33.1,229727.0,211715.0
89.0,95.0,82.0,3.0,33.1,229727.0,211715.0
89.0,95.0,82.0,3.0,33.1,229727.0,212227.0
12.0,95.0,82.0,3.0,33.1,229727.0,212227.0
89.0,95.0,82.0,3.0,33.1,229727.0,212227.0
89.0,95.0,82.0,3.0,33.1,229727.0,212227.0
89.0,95.0,83.0,3.0,33.1,229727.0,212995.0
89.0,95.0,83.0,3.0,33.1,229727.0,212995.0
89.0,95.0,83.0,3.0,33.1,229727.0,212995.0
98.0,99.0,83.0,3.0,33.1,253027.0,212995.0
98.0,99.0,83.0,3.0,33.1,253027.0,212995.0
22.0,99.0,83.0,3.0,33.1,253027.0,212995.0
0.0,0.0,83.0,3.0,33.1,0.0,212995.0
0.0,0.0,83.0,3.0,33.1,0.0,212995.0
0.0,0.0,83.0,3.0,33.1,0.0,212995.0
0.0,0.0,83.0,3.0,33.1,0.0,212995.0
0.0,0.0,83.0,3.0,33.1,0.0,212995.0
0.0,0.0,83.0,3.0,33.1,0.0,212995.0
0.0,0.0,83.0,3.0,33.1,0.0,212995.0
0.0,0.0,83.0,3.0,33.1,0.0,212995.0
0.0,0.0,83.0,3.0,33.1,0.0,212995.0
0.0,0.0,83.0,3.0,33.1,0.0,212995.0
0.0,0.0,83.0,3.0,33.1,0.0,212995.0
0.0,0.0,83.0,3.0,33.1,0.0,212995.0
0.0,0.0,83.0,3.0,33.1,0.0,212995.0
0.0,0.0,83.0,3.0,33.1,0.0,212995.0
0.0,0.0,83.0,3.0,33.1,0.0,212995.0
0.0,0.0,83.0,3.0,33.1,0.0,212995.0
0.0,0.0,0.0,3.0,33.1,0.0,3.0
0.0,0.0,0.0,3.0,33.1,0.0,3.0
0.0,0.0,0.0,3.0,33.1,0.0,3.0
0.0,0.0,0.0,3.0,33.1,0.0,3.0
0.0,0.0,0.0,3.0,33.1,0.0,3.0
0.0,0.0,0.0,3.0,33.1,0.0,3.0
0.0,0.0,0.0,3.0,33.1,0.0,3.0
0.0,0.0,0.0,3.0,33.1,0.0,3.0
90.0,50.0,0.0,3.0,33.1,231986.0,3.0
90.0,50.0,0.0,3.0,33.1,231986.0,3.0
90.0,50.0,0.0,3.0,33.1,231986.0,3.0
90.0,50.0,0.0,3.0,33.1,231986.0,3.0
13.0,50.0,0.0,3.0,33.1,231986.0,3.0
90.0,50.0,0.0,3.0,33.1,231986.0,3.0
0.0,0.0,0.0,3.0,33.1,0.0,3.0
0.0,0.0,0.0,3.0,33.1,0.0,3.0
0.0,0.0,0.0,3.0,33.1,0.0,3.0
0.0,0.0,0.0,3.0,33.1,0.0,3.0
0.0,0.0,0.0,3.0,33.1,0.0,3.0
0.0,0.0,0.0,3.0,33.1,0.0,3.0
0.0,0.0,0.0,3.0,33.1,0.0,3.0
0.0,0.0,0.0,3.0,33.1,0.0,3.0
0.0,0.0,0.0,3.0,33.1,0.0,3.0
0.0,0.0,0.0,3.0,33.1,0.0,3.0
0.0,0.0,0.0,3.0,33.1,0.0,3.0
0.0,0.0,0.0,3.0,33.1,0.0,3.0
0.0,0.0,0.0,3.0,33.1,0.0,3.0
0.0,0.0,0.0,3.0,33.1,0.0,3.0
0.0,0.0,0.0,3.0,33.1,0.0,3.0
0.0,0.0,0.0,3.0,33.1,0.0,3.0
0.0,0.0,0.0,3.0,33.1,0.0,3.0
0.0,0.0,83.0,3.0,33.1,0.0,213251.0
0.0,0.0,83.0,3.0,33.1,0.0,213251.0
0.0,0.0,83.0,3.0,33.1,0.0,213251.0
0.0,0.0,83.0,3.0,33.1,0.0,213251.0
0.0,0.0,83.0,3.0,33.1,0.0,213251.0
0.0,0.0,83.0,3.0,33.1,0.0,213251.0
0.0,0.0,83.0,3.0,33.1,0.0,213251.0
0.0,0.0,83.0,3.0,33.1,0.0,213251.0
0.0,0.0,83.0,3.0,33.1,0.0,213251.0
0.0,0.0,83.0,3.0,33.1,0.0,213251.0
0.0,0.0,83.0,3.0,33.1,0.0,213251.0
0.0,0.0,83.0,3.0,33.1,0.0,213251.0
0.0,0.0,83.0,3.0,33.1,0.0,213251.0
0.0,0.0,0.0,3.0,33.1,0.0,3.0
0.0,0.0,0.0,3.0,33.1,0.0,3.0
0.0,0.0,0.0,3.0,33.1,0.0,3.0
110.0,99.0,0.0,3.0,33.1,281955.0,3.0
110.0,99.0,0.0,3.0,33.1,281955.0,3.0
110.0,99.0,0.0,3.0,33.1,281955.0,3.0
110.0,99.0,0.0,3.0,33.1,281955.0,3.0
110.0,99.0,0.0,3.0,33.1,281955.0,3.0
110.0,99.0,0.0,3.0,33.1,281955.0,3.0
110.0,99.0,0.0,3.0,33.1,281955.0,3.0
110.0,98.0,0.0,3.0,33.1,281954.0,3.0
110.0,98.0,0.0,3.0,33.1,281954.0,3.0
110.0,98.0,0.0,3.0,33.1,281954.0,3.0
110.0,98.0,0.0,3.0,33.1,281954.0,3.0
110.0,98.0,0.0,3.0,33.1,281954.0,3.0
110.0,98.0,0.0,3.0,33.1,281954.0,3.0
7.0,98.0,0.0,3.0,33.1,281954.0,3.0
110.0,98.0,0.0,3.0,33.1,281954.0,3.0
110.0,98.0,0.0,3.0,33.1,281954.0,3.0
110.0,98.0,0.0,3.0,33.1,281954.0,3.0
110.0,97.0,70.0,3.0,33.1,282721.0,179203.0
110.0,97.0,70.0,3.0,33.1,282721.0,179203.0
110.0,97.0,70.0,3.0,33.1,282721.0,179203.0
110.0,97.0,70.0,3.0,33.1,283233.0,179203.0
0.0,0.0,70.0,3.0,33.1,283233.0,179203.0
0.0,0.0,70.0,3.0,33.1,0.0,179203.0
0.0,0.0,70.0,3.0,33.1,0.0,179203.0
0.0,0.0,70.0,3.0,33.1,0.0,179203.0
0.0,0.0,70.0,3.0,33.1,0.0,179203.0
0.0,0.0,70.0,3.0,33.1,0.0,179203.0
0.0,0.0,70.0,3.0,33.1,0.0,179203.0
0.0,0.0,70.0,3.0,33.1,0.0,179203.0
0.0,0.0,70.0,3.0,33.1,0.0,179203.0
0.0,0.0,70.0,3.0,33.1,0.0,179203.0
0.0,0.0,70.0,3.0,33.1,0.0,179203.0
0.0,0.0,70.0,3.0,33.1,0.0,179203.0
0.0,0.0,70.0,3.0,33.1,0.0,179203.0
21.0,50.0,0.0,3.0,33.1,185394.0,3.0
72.0,50.0,0.0,3.0,33.1,185394.0,3.0
72.0,50.0,0.0,3.0,33.1,185394.0,3.0
71.0,51.0,0.0,3.0,33.1,184115.0,3.0
71.0,51.0,0.0,3.0,33.1,184115.0,3.0
71.0,51.0,0.0,3.0,33.1,184115.0,3.0
71.0,51.0,0.0,3.0,33.1,184115.0,3.0
71.0,51.0,0.0,3.0,33.1,184115.0,3.0
71.0,51.0,0.0,3.0,33.1,184115.0,3.0
71.0,51.0,0.0,3.0,33.1,184115.0,3.0
83.0,90.0,0.0,3.0,33.1,214618.0,3.0
83.0,90.0,0.0,3.0,33.1,214618.0,3.0
83.0,90.0,0.0,3.0,33.1,214618.0,3.0
83.0,90.0,0.0,3.0,33.1,213850.0,3.0
83.0,90.0,0.0,3.0,33.1,213850.0,3.0
83.0,90.0,0.0,3.0,33.1,213850.0,3.0
83.0,90.0,0.0,3.0,33.1,213850.0,3.0
6.0,90.0,0.0,3.0,33.1,213850.0,3.0
83.0,90.0,0.0,3.0,33.1,213850.0,3.0
83.0,90.0,0.0,3.0,33.1,213850.0,3.0
83.0,90.0,0.0,3.0,33.1,213850.0,3.0
83.0,90.0,0.0,3.0,33.1,213850.0,3.0
83.0,90.0,0.0,3.0,33.1,213850.0,3.0
83.0,89.0,0.0,3.0,33.1,213849.0,3.0
83.0,89.0,0.0,3.0,33.1,213849.0,3.0
83.0,89.0,0.0,3.0,33.1,213849.0,3.0
94.0,96.0,0.0,3.0,33.1,240736.0,3.0
94.0,96.0,0.0,3.0,33.1,240736.0,3.0
94.0,96.0,0.0,3.0,33.1,240736.0,3.0
94.0,96.0,0.0,3.0,33.1,240736.0,3.0
94.0,96.0,0.0,3.0,33.1,240736.0,3.0
17.0,96.0,0.0,3.0,33.1,240736.0,3.0
94.0,96.0,0.0,3.0,33.1,240736.0,3.0
94.0,96.0,0.0,3.0,33.1,240736.0,3.0
94.0,96.0,0.0,3.0,33.1,240736.0,3.0
94.0,96.0,0.0,3.0,33.1,240736.0,3.0
94.0,96.0,0.0,3.0,33.1,240736.0,3.0
94.0,96.0,0.0,3.0,33.1,240736.0,3.0
17.0,96.0,0.0,3.0,33.1,240736.0,3.0
94.0,96.0,0.0,3.0,33.1,240736.0,3.0
94.0,96.0,0.0,3.0,33.1,240736.0,3.0
94.0,96.0,0.0,3.0,33.1,240736.0,3.0
94.0,96.0,0.0,3.0,33.1,240736.0,3.0
0.0,0.0,0.0,3.0,33.1,0.0,3.0
0.0,0.0,0.0,3.0,33.1,0.0,3.0
0.0,0.0,0.0,3.0,33.1,0.0,3.0
0.0,0.0,0.0,3.0,33.1,0.0,3.0
0.0,0.0,0.0,3.0,33.1,0.0,3.0
0.0,0.0,0.0,3.0,33.1,0.0,3.0
0.0,0.0,0.0,3.0,33.1,0.0,3.0
0.0,0.0,0.0,3.0,33.1,0.0,3.0
0.0,0.0,0.0,3.0,33.1,0.0,3.0
0.0,0.0,0.0,3.0,33.1,0.0,3.0
0.0,0.0,0.0,3.0,33.1,0.0,3.0
0.0,0.0,0.0,3.0,33.1,0.0,3.0
0.0,0.0,0.0,3.0,33.1,0.0,3.0
0.0,0.0,0.0,3.0,33.1,0.0,3.0
0.0,0.0,0.0,3.0,33.1,0.0,3.0
0.0,0.0,0.0,3.0,33.1,0.0,3.0
0.0,0.0,0.0,3.0,33.1,0.0,3.0
0.0,0.0,0.0,3.0,33.1,0.0,3.0
0.0,0.0,0.0,3.0,33.1,0.0,3.0
0.0,0.0,0.0,3.0,33.1,0.0,3.0
0.0,0.0,0.0,3.0,33.1,0.0,3.0
0.0,0.0,0.0,3.0,33.1,0.0,3.0
0.0,0.0,0.0,3.0,33.1,0.0,3.0
0.0,0.0,0.0,3.0,33.1,0.0,3.0
0.0,0.0,0.0,3.0,33.1,0.0,3.0
0.0,0.0,0.0,3.0,33.1,0.0,3.0
0.0,0.0,0.0,3.0,33.1,0.0,3.0
0.0,0.0,0.0,3.0,33.1,0.0,3.0
0.0,0.0,0.0,3.0,33.1,0.0,3.0
89.0,99.0,0.0,0.0,33.1,0.0,3.0
89.0,99.0,0.0,0.0,33.1,229731.0,0.0
89.0,99.0,0.0,0.0,33.1,229731.0,0.0
89.0,99.0,0.0,0.0,33.1,229731.0,0.0
89.0,99.0,0.0,0.0,33.1,229731.0,0.0
89.0,99.0,0.0,0.0,33.1,229731.0,0.0
89.0,99.0,0.0,0.0,33.1,229731.0,0.0
89.0,99.0,0.0,0.0,33.1,229731.0,0.0
89.0,99.0,0.0,0.0,33.1,229731.0,0.0
89.0,99.0,0.0,0.0,33.1,229731.0,0.0
89.0,99.0,0.0,0.0,33.1,229731.0,0.0
89.0,99.0,0.0,0.0,33.1,229731.0,0.0
0.0,0.0,0.0,1.0,33.1,0.0,1.0
0.0,0.0,0.0,1.0,33.1,0.0,1.0
0.0,0.0,0.0,1.0,33.1,0.0,1.0
0.0,0.0,0.0,1.0,33.1,0.0,1.0
0.0,0.0,0.0,1.0,33.1,0.0,1.0
0.0,0.0,0.0,1.0,33.1,0.0,1.0
0.0,0.0,0.0,0.0,33.1,0.0,0.0
0.0,0.0,0.0,0.0,33.1,0.0,0.0
